n = 853
A = '-89719 -28706 -8272 -13739 -90894 -7558 17337 90362 18106 10813 -37586 -28147 91599 -48068 -76622 69271 -62133 59498 -29895 -10383 -88239 -1600 67455 13480 80973 -32265 51312 53089 12840 8188 61674 -83147 -86562 -67966 -85717 -4303 49395 86130 -87900 -39578 85133 -71628 -37825 7428 -86658 -59993 -12050 25773 -60423 74699 19754 21771 54816 92284 -28243 18875 -68822 -56539 65783 27624 21606 -71393 2091 -56879 -4525 51814 57459 -23721 20015 28738 -20028 -4045 10584 -321 -74356 -38661 -35556 12960 -66652 28765 83987 -6927 -71318 -68157 45086 98457 -31038 6875 1250 6324 56398 84727 -71200 -93399 55330 71500 11336 -87892 6635 -93169 54517 40791 -82406 -67809 -79222 57491 49921 90605 69650 -51895 92848 79 -8444 57221 19894 -80956 89103 -71301 -620 -28497 1099 -8397 -45991 83323 -45913 51334 -50950 -75377 35628 92567 -15818 -1396 -55478 47839 97298 -85701 67892 70081 41574 -46657 -35239 87696 -26310 -482 -2059 92614 -42693 -98875 -29708 -12556 36893 -73242 36911 45346 82636 -90514 19594 -10197 -51962 35532 -86926 -89774 85835 70207 4984 -48026 -84923 2467 63860 -2711 2942 -9607 49364 31332 31004 75787 -88017 -18742 58420 61262 -68684 42788 -89 -16070 34106 20386 6766 8292 51072 -76370 -87851 26938 37050 64613 2083 5399 -75597 93112 36386 -934 5730 56944 -19999 68836 -17648 82247 -64264 91553 18367 47107 77444 48088 -80071 -80947 10520 -72474 42642 -35261 34974 -10916 19975 -26892 -59291 84089 -3056 10324 47750 86511 -34192 -81071 -66376 3828 76867 50461 66155 -56703 -41125 -70768 68225 3195 -9554 -63767 -17261 -66298 -99073 -58087 67618 79677 -76083 -54459 53210 32510 -75809 -11398 79007 89855 -45638 -79859 -48687 44869 4966 -39624 59895 -28836 43583 99705 -74354 97699 91666 -86825 43033 -48166 -58116 -17681 -66354 8950 -71555 91055 -8567 59456 56102 50203 67455 -25633 -31745 -23554 -5639 46272 -37084 -26051 46900 -68741 44739 -8693 -33318 36759 -27576 -81138 -15676 78354 56932 -89387 87126 25898 43401 43312 95403 88673 -12880 79423 62441 -2564 37977 -52235 -55273 68029 -49203 93921 -34827 68118 -44473 27560 35716 -87766 85812 -41343 73683 16742 -59509 -86535 69454 -11865 71498 30479 -54802 -11811 59650 -38377 -72589 16970 47776 -68140 -60003 24441 40503 32086 76232 77820 -77782 94105 29556 3888 2227 -86877 -42345 -70770 -77296 -32828 27832 -6953 -94492 94852 56992 -75719 53555 48715 -12433 -11773 20676 477 -40111 84215 -97165 -29274 6763 83665 87208 76587 49181 11289 -28942 -75146 87191 81203 6236 41311 -2295 -74893 -54708 29374 87287 -94537 12891 -60431 -91274 60786 -6230 -68473 50390 -11394 20259 -31932 86718 -56024 -9437 45651 -66451 20105 35524 83344 13477 83257 50594 -28169 -44006 -88719 -2957 -38360 -91303 -70771 -22616 3849 16893 -72656 -93851 -47094 -66218 -51805 -70310 -24036 10703 -22257 -53535 34736 91249 16816 -75360 31855 69896 89213 83384 -59008 67834 -35425 -75550 -58597 -81281 -13212 52940 77665 24041 24353 -95482 -20388 88961 -51906 -47083 -55810 29081 -70709 -36848 10003 29333 -45700 36677 -42705 -99686 96593 31718 4900 77948 -23714 96812 52413 -30994 -27892 83366 71046 -35365 32941 42550 32361 28859 -59743 -10500 -38770 -65742 34944 44408 -99302 2829 -51113 -90823 4489 22034 13472 -80904 71447 -6546 36356 90393 24023 40169 -11531 87434 -64826 88049 -39728 86131 76047 -20006 -84391 44553 -87767 -93610 74185 83435 15510 -5200 22646 -47340 74182 -61061 -98660 10666 65219 -8760 79892 -29008 45098 -24292 -78335 -49105 15454 78844 -8642 -60791 18075 -76244 76363 -84737 92332 -25905 -77268 -24870 83948 -95302 -55338 -70761 19855 -54391 6445 99605 54705 23699 75244 41851 -48869 10837 -89663 63162 -70438 12240 75107 93662 51494 -32069 92085 -68278 -73001 -53578 46477 21056 52186 97899 63890 -60085 38121 -595 1962 14621 57352 52473 -19780 -41268 -1557 1741 48457 64099 1433 36898 -40958 47942 61201 -37317 53958 8990 -54740 -81726 -5606 -97276 63163 -24973 98366 25137 -8132 -17957 -62534 88256 -66181 -24561 58475 44830 1740 -65503 25523 85125 -84140 -93429 -45874 -77742 -75477 96780 -30730 10699 4044 13468 63664 -24946 42494 -53552 89575 98769 -14401 -31813 -83903 17480 98985 -1493 -80142 43363 -33258 -24751 44618 -76019 -45921 -44100 -12129 45309 -77034 67579 88476 -24751 60212 51478 -90761 96852 11019 -49160 -77922 68728 89259 -63779 -24380 79044 -96659 -34398 -62724 37709 77447 -75653 -28141 -3783 -388 31722 -76966 -38919 -91685 97466 5266 -1336 54351 92219 97853 44831 -25666 -77248 63131 -36662 -99805 -62145 -91914 81551 -21691 -58867 31503 -19580 26742 -16809 43716 38538 28292 -50036 -61960 39128 -67038 19214 -85996 -50107 -43756 39502 -56696 -7725 63109 94455 -9700 18096 54951 -51599 -10723 -65032 -6725 97964 -68469 -75152 -46900 -6302 25945 22910 -66091 -90544 -78186 -530 86380 -81237 -30339 -34871 19793 -11351 73593 95179 -85527 -56410 50083 50423 -58173 -83932 79443 -5372 -52970 52342 26674 61379 -3490 -99622 68224 -83814 55253 -71961 47035 -79727 80840 -61951 -98674 93979 76448 -78929 29847 -51058 -9913 -37600 -83984 -59900 -24928 24114 76422 -89976 14762 -60709 -58467 86569 12028 61927 -54261 39825 -22078 50042 87121 -36349 -63441 -91240 78732 32359 77343 -38792 93959 2124 -27750 -95067 34937 83908 1819 -95170 -26098 -6107 14720 38044 -18655 -7469 63907 88521 49844 36330 69437 -35738 -84908 -52533 39292 -66424 -46062 -1525 18263 26780 13257 74942 82654 -9166 -84352 -57802 57459 -55763 -57286 67202 49282 -12018 48575 -77218 1877 34103 80706 -49444 95406 60867 86584 23598 -35014 -65132 -67854 -78109 -33459 13968 -19037 -35930'
A = list(map(int, A.split(' ')))

def ins(A):
    c = 0
    for j in range(n):
        for i in range(j, n):
            if A[j] > A[i]:
                c += 1
    return (c)
   
ins(A)
